<?xml version="1.0"?>
<opencv_storage>
<img_shape type_id="opencv-matrix">
  <rows>2</rows>
  <cols>1</cols>
  <dt>d</dt>
  <data>
    1024. 1280.</data></img_shape>
<rms>8.5657309970713724e-01</rms>
<cam_int type_id="opencv-matrix">
  <rows>3</rows>
  <cols>3</cols>
  <dt>d</dt>
  <data>
    3.4523929068729908e+03 0. 5.8717314727289579e+02 0.
    3.4499242930993751e+03 5.2144602565518824e+02 0. 0. 1.</data></cam_int>
<cam_dist type_id="opencv-matrix">
  <rows>1</rows>
  <cols>5</cols>
  <dt>d</dt>
  <data>
    -2.2226531001384053e-01 -8.6613346033377336e-01
    -7.2783909763891115e-04 -1.6883927279082831e-03
    3.1254596570907323e+00</data></cam_dist>
<proj_int type_id="opencv-matrix">
  <rows>3</rows>
  <cols>3</cols>
  <dt>d</dt>
  <data>
    3.9536715586677710e+03 0. 7.3717018407542582e+02 0.
    3.8932555903450616e+03 1.3578282322407788e+03 0. 0. 1.</data></proj_int>
<proj_dist type_id="opencv-matrix">
  <rows>1</rows>
  <cols>5</cols>
  <dt>d</dt>
  <data>
    -1.7162592057261047e-02 -4.4380955516981602e-01
    -9.3888885948872104e-03 -2.1299637587114260e-02
    1.6984855309227804e+00</data></proj_dist>
<roration type_id="opencv-matrix">
  <rows>3</rows>
  <cols>3</cols>
  <dt>d</dt>
  <data>
    9.9995961310770576e-01 8.9872990011441688e-03 2.4701242572249633e-05
    -8.9613393813132575e-03 9.9685483491258131e-01
    7.8740920161649047e-02 6.8304464003145823e-04
    -7.8737961416805169e-02 9.9689511328020131e-01</data></roration>
<translation type_id="opencv-matrix">
  <rows>3</rows>
  <cols>1</cols>
  <dt>d</dt>
  <data>
    8.5737214348908466e+01 -6.3045718819563251e+02
    -1.0084398390544085e+02</data></translation>
</opencv_storage>
